76
179
67
140
232
34
173
149
46
184
80
88
137
87
209
93
106
214
92
167
11
120
33
50
18
48
218
219
102
154
119
59
46
120
29
207
246
14
30
84
93
67
143
247
140
118
110
110
209
38
199
115
55
35
82
204
80
31
29
116
167
24
55
27
119
244
179
184
123
130
73
26
66
40
83
72
52
194
82
93
59
235
127
229
155
161
49
262
111
180
186
130
23
192
76
179
67
140
232
34
173
149
46
184
80
88
137
87
158
75
85
69
223
207
239
53
157
158
94
148
236
209
234
247
105
113
116
75
24
194
151
33
137
225
91
211
111
236
154
197
13
89
32
40
109
108
52
35
170
37
237
44
83
219
233
211
161
174
11
179
157
224
41
84
19
101
165
107
21
197
109
16
69
239
80
35
11
126
209
105
198
106
72
245
204
23
69
24
32
114
190
146
244
99
164
155
147
237
24
87
224
120
24
136
174
165
207
222
59
181
50
222
154
71
215
72
128
169
22
94
49
16
23
194
126
30
227
65
138
126
10
246
83
178
149
168
46
50
26
188
96
214
64
248
145
128
161
112
197
11
168
239
43
27
59
85
161
134
17
228
139
235
200
15
113
209
224
123
105
106
173
113
25
130
147
206
132
74
61
181
70
36
20
58
31
184
224
211
90
34
115
161
211
53
51
32
46
81
186
56
224
118
112
82
93
98
180
50
115
202
32
202
81
198
120
214
134
197
184
202
242
151
152
120
95
79
106
66
153
40
121
35
83
85
118
85
172
86
140
143
95
84
121
120
193
161
173
85
148
234
211
239
73
13
206
155
121
136
28
168
211
61
55
235
83
27
83
131
194
33
101
245
150
88
112
106
141
199
208
120
76
179
67
140
232
34
173
149
46
184
80
88
137
87